Feature	02-0003	02-0011	02-0027	02-0033	02-0034	02-0047	02-0059	02-0069	02-0070	02-0085	02-0086	02-0087	02-0106	06-0128	06-0129	06-0130	06-0139	06-0141	06-0143	06-0145	06-0147	06-0157	06-0165	06-0171	06-0173	06-0178	06-0185	06-0189	06-0192	06-0213	06-0214	06-0221	06-0644	06-0881	06-1802	06-2570	06-5412	08-0354	08-0358	08-0389	08-0390	08-0521	08-0522	12-0769	12-1093	12-1094	12-1598	14-1452	14-1453	14-1458	14-1821	14-3477	76-4928	76-4931	76-4935	76-6192	76-6280	76-6285	76-6656	76-6662	76-6663	76-6664
original_firstorder_10Percentile	107	107.3333	55.2	123.5	118.54	53.7	89	74.8	134	103	80	59.6667	97.2	60.4818	52.2667	63.95	31.9286	27.6313	27	17.1964	57	72.42	77.375	10.3714	67.625	59.16	18	78	62.625	72.9667	13.25	102	69	8.5	51.8333	52.2	119.9571	109.4	68	7	66.0167	72.7143	52	20	102.75	106.6	103.4333	27	0	6	54	64.5	4	75.8	58.71	37	97.0667	22	95.2	99	134	32.28
original_firstorder_90Percentile	163.5	186.1	169.4	211	193	134.5	173.8	171.05	212	166.675	196.5	140.6667	204.275	190.9091	148.8	166.5	126.2357	124.7313	145	101.95	129.1333	154.4	178.625	84.5714	151.25	163.24	111	136	145.85	154.6667	91.25	217	145	170.7	144.9333	158	194.0286	192	156	160	156.9667	159.2857	158.28	167.7	170.25	188.54	190.0333	143	126	139	179	176.5	40	167	179.81	127	188	50	195.8	193	236	203.02
original_firstorder_Energy	14643914	47146548.67	18500045.6	43288538.5	38058772.4	17967758	24206959.43	27668087	31821864	19346075.25	27974680	18354141.33	42841871	29366134	12681293.58	20771803	8478359.214	12949401.19	13026176	7823384.071	13797564	20429535.6	28860886.63	7775457.857	19890677.63	16761273.6	11570235	18928398	23294511.5	19852695.67	9716985	45290871	14110977	9181067	12941437	21103905.6	38427061	19033115	12828943.5	23578243	26372833	17911728.57	20019377.6	11395234	32934317.5	29436803.2	27771243.67	14307818	20050802	13169351	10872184	9875697	654226	24537634	30310499.8	10930161	30460151.33	2109368	38970370.67	36884915	39424506	33862983.6
original_firstorder_Entropy	2.0751	2.3435	2.7947	2.5188	2.2819	2.1781	2.3892	2.4987	2.1159	2.0755	2.6423	2.3536	2.7702	2.9415	2.6536	2.6882	2.245	2.5379	2.7949	2.3053	2.2135	2.3082	2.5951	1.9857	2.3007	2.5661	2.5584	2.0149	2.4298	2.2436	1.9748	2.7821	2.1977	2.8821	2.4383	2.5178	2.2625	2.4584	2.479	2.9046	2.5403	2.4759	2.7269	2.9685	2.083	2.3563	2.2861	2.7258	2.5131	2.7667	2.5561	2.6254	0.9848	2.3674	2.6702	2.4247	2.5806	1.0041	2.6517	2.6316	2.5772	2.7006
original_firstorder_InterquartileRange	28.5	39.25	60.6	50	38.8	47.5	43.9643	50	38	31.75	63.125	37.6667	51.625	81.9091	50.5	50.5	61.1964	53.5	67	43.4375	35	38.25	59.75	42.8571	45.625	64.45	61	27	40.2812	40.6667	41.75	57	47	105	46.0833	61.55	39.9286	46	49	82	46.1667	43.2857	54.05	70	28	42.85	38.0833	67	56	76	91	60	24	53	81.125	66.25	54	12	51.5	47	76	63.6
original_firstorder_Kurtosis	5.859	3.2921	2.999	3.4924	3.1817	2.8387	3.3636	3.7251	2.8835	4.4177	2.2767	4.0532	3.9506	2.3777	3.9185	3.1426	2.4273	3.9921	3.3297	6.6199	8.4338	3.3061	3.0309	7.1551	2.4696	2.3682	2.6582	5.2106	4.3272	3.1655	5.8169	2.6226	2.3763	2.6224	3.7638	2.8117	5.3948	3.0336	2.844	2.1306	3.8516	3.871	3.5135	2.4382	3.9467	2.9377	3.6188	4.3669	2.1868	2.9756	1.8938	2.3006	1.769	2.2652	1.9564	1.8016	4.4793	2.8915	2.9967	3.3258	4.168	3.615
original_firstorder_Maximum	255	255	254.6	255	255	155	249.1429	222.5	255	233.75	227	226.3333	254	246.0909	250.0833	244.5	171.7857	227.5625	255	246.0357	255	213.8	254.625	214.5714	191	221	186	216	223.125	202.6667	201.25	255	183	255	217	217.8	237.8571	255	219	237	235	234.7143	255	243	196.5	223.2	222.3333	255	150	255	203	216	50	196	232.9	138	226.6667	64	250.6667	255	250	231
original_firstorder_MeanAbsoluteDeviation	19.1729	24.0082	35.6599	28.6515	23.1935	26.5146	26.3371	30.3777	23.5035	20.3659	35.3591	25.6748	33.3892	42.6214	30.8013	32.0106	32.6074	31.3944	38.7443	27.9493	23.6063	24.3834	33.2282	24.4723	25.6417	34.2604	31.2163	18.9604	27.2869	24.4976	26.2903	34.9615	24.9641	55.3038	27.9723	34.5104	23.7866	26.4137	28.0431	47.0651	29.4994	27.088	32.3512	41.3327	19.8185	25.258	26.1653	42.547	34.8076	41.0957	42.9029	35.0463	11.7748	29.0658	40.9526	31.9245	32.7608	8.0591	31.1972	29.0551	37.3178	44.1877
original_firstorder_Mean	136.7482	146.5348	107.3938	166.3091	155.1679	100.8749	129.5039	120.9625	164.651	131.7645	136.2558	103.6073	153.5712	123.6449	102.9407	117.7757	69.9113	73.5677	76.9654	55.5993	93.1301	109.2547	121.6832	49.8752	107.0944	108.1981	65.0716	106.5587	105.2008	115.2041	49.5817	167.0815	112.0067	77.4228	96.0537	96.07	157.7699	148.2606	109.5649	98.6214	109.2601	112.7651	104.9068	98.5108	136.9545	147.4183	152.7255	76.1258	72.5238	71.9007	103.9636	109.8701	20.489	112.9323	115.1882	82.1787	142.6215	38.6748	150.2831	144.2159	181.9964	144.0899
original_firstorder_Median	136.5	146	101.2	167.5	153.4	111	127.1429	121	157.5	128.25	132.5	105.3333	158.625	121.2273	102.1667	115.75	56.75	68.6875	66	48.0714	90.3333	106.8	113.25	50.5714	103.75	108.2	60	105	107.75	116.3333	44	174	118	59	93.1667	86	160.5714	145	105	109	107.6667	108.7857	103.6	102	139	146.8	157.3333	56	76	76	86	98	18.5	105	111.9	85	148.6667	41	154.3333	146	180	157.3
original_firstorder_Minimum	60	68	15	36	72.6	5	48.1429	22.5	106.5	66	53	17	1.75	6.0909	12.1667	35.5	11.7857	2.75	5	1.25	33.6667	29.2	33	0	37.875	18.2	4	51	4.375	30.6667	0	54	31	0	23.5	28	21.7143	52	23.5	0	0.5	14.1429	3	1	48.5	66.6	46.3333	0	0	0	0	36	0	10	31	0	0	12	28	17	10	2
original_firstorder_Range	195	187	239.6	219	182.4	150	201	200	148.5	167.75	174	209.3333	252.25	240	237.9167	209	160	224.8125	250	244.7857	221.3333	184.6	221.625	214.5714	153.125	202.8	182	165	218.75	172	201.25	201	152	255	193.5	189.8	216.1429	203	195.5	237	234.5	220.5714	252	242	148	156.6	176	255	150	255	203	180	50	186	201.9	138	226.6667	52	222.6667	238	240	229
original_firstorder_RobustMeanAbsoluteDeviation	11.708	16.5502	25.3799	20.9235	16.3434	19.7147	18.6438	21.3861	17.025	13.5992	26.3558	16.5062	22.1776	32.8193	21.1088	22.1964	25.6369	22.2984	28.3375	18.5595	15.1254	16.8422	24.5666	18.0368	19.1349	26.6096	23.6853	12.1373	17.2219	17.7085	18.3907	24.9443	19.4029	43.0528	19.3785	25.716	16.669	18.6129	20.317	36.4946	19.6668	18.2298	22.6741	29.8866	12.1417	17.9606	17.1993	28.7154	31.7379	30.9555	36.0105	26.3675	9.9003	22.1082	33.6595	26.7797	22.4845	5.5769	21.8817	19.8528	29.5061	28.959
original_firstorder_RootMeanSquared	139.5763	149.7178	116.2844	170.0713	157.9186	105.9711	134.0748	127.1921	167.2228	134.4464	142.7532	109.279	159.6435	133.879	110.4684	124.3915	79.4864	83.6265	90.4843	67.5404	100.192	113.6548	128.893	58.6918	111.6505	115.891	75.0901	109.6268	111.5585	119.4068	60.5514	172.5602	115.8166	100.9312	102.7013	104.9514	160.8324	151.8896	115.1525	113.416	115.8943	118.2728	112.7056	111.0518	139.632	150.7738	156.6825	93.4894	83.7303	87.9635	114.8669	117.4431	24.4767	118.1091	124.5856	89.6487	148.7583	39.9902	155.2554	148.9287	187.6178	155.319
original_firstorder_Skewness	0.6394	0.4639	0.6151	-0.4951	0.3103	-0.7814	0.3769	0.3337	0.7852	0.6863	0.1557	-0.0058	-0.6694	0.0115	0.5294	0.3547	0.7169	0.8097	0.8929	1.4531	1.6473	0.5335	0.5183	1.0717	0.2478	0.0246	0.481	1.1277	-0.3992	0.1613	1.2775	-0.4833	-0.514	0.7112	0.6659	0.6891	-0.8772	0.4524	0.4826	-0.3111	-0.1707	0.5292	0.2388	-0.0389	-0.6296	-0.103	-0.542	1.3584	-0.3512	0.5048	0.4646	0.5834	0.2872	0.5165	0.2599	-0.199	-1.035	-0.5693	-0.5186	-0.0955	-0.8237	-1.0724
original_firstorder_TotalEnergy	14643914	47146548.67	18500045.6	43288538.5	38058772.4	17967758	24206959.43	27668087	31821864	19346075.25	27974680	18354141.33	42841871	29366134	12681293.58	20771803	8478359.214	12949401.19	13026176	7823384.071	13797564	20429535.6	28860886.63	7775457.857	19890677.63	16761273.6	11570235	18928398	23294511.5	19852695.67	9716985	45290871	14110977	9181067	12941437	21103905.6	38427061	19033115	12828943.5	23578243	26372833	17911728.57	20019377.6	11395234	32934317.5	29436803.2	27771243.67	14307818	20050802	13169351	10872184	9875697	654226	24537634	30310499.8	10930161	30460151.33	2109368	38970370.67	36884915	39424506	33862983.6
original_firstorder_Uniformity	0.3092	0.2335	0.1692	0.2005	0.2416	0.2638	0.2301	0.2272	0.28	0.2863	0.1808	0.2422	0.1763	0.1466	0.1911	0.1819	0.2761	0.2069	0.1729	0.2516	0.2706	0.2447	0.1982	0.3077	0.2298	0.202	0.1842	0.3062	0.2353	0.2463	0.3631	0.1671	0.2584	0.1704	0.2369	0.2116	0.2443	0.2127	0.2065	0.1478	0.2188	0.2199	0.1778	0.1423	0.2914	0.2288	0.2532	0.2009	0.1835	0.1735	0.2117	0.1904	0.5245	0.226	0.1818	0.1962	0.1975	0.6209	0.1864	0.1929	0.1916	0.1888
original_firstorder_Variance	739.6136	942.6939	1979.0206	1265.164	858.3733	1031.7553	1173.6577	1686.9022	851.0502	718.42	1814.3515	1162.7396	1902.371	2587.2468	1601.5154	1602.1852	1451.2883	1605.1068	2263.7367	1444.5617	1112.8536	988.8174	1661.0621	1116.9684	988.335	1754.0771	1404.1981	663.2675	1417.6855	944.4744	1222.1237	1860.7994	867.9857	4159.8651	1352.6453	1796.4545	974.046	1089.2351	1200.7918	3137.0209	1536.7188	1232.0181	1705.8881	2628.1222	728.7378	1030.0215	1184.3373	2945.1241	1751.0718	2567.8626	2385.9695	1721.4315	179.3085	1196.0483	2214.3214	1283.5482	1816.7827	103.481	1518.5671	1381.5259	2077.7518	3368.5239
original_glcm_Autocorrelation	21.3339	18.2476	26.5876	40.4607	20.7539	23.4796	19.7519	27.9789	11.0564	15.8642	23.0207	18.333	47.417	33.2305	22.4541	20.5862	13.3764	14.8417	16.3942	9.7016	12.5584	19.641	23.4768	9.33	17.4033	22.9929	11.9321	8.7445	26.2328	19.2596	9.6526	30.2248	17.1348	20.1936	16.7438	16.2514	44.9019	21.2087	21.7806	24.6699	26.9579	24.8887	25.2464	23.6654	21.5403	19.7885	30.3027	16.932	14.8085	15.6513	26.1638	18.6893	2.0547	27.4434	22.6618	16.9668	41.9859	4.1399	40.8149	42.0178	65.6729	45.5268
original_glcm_JointAverage	4.4958	4.0858	4.8589	6.215	4.342	4.5328	4.1293	4.8938	3.13	3.8259	4.4774	4.0494	6.6715	5.3629	4.4706	4.2548	3.259	3.4759	3.6088	2.7282	3.2502	4.1295	4.5195	2.5531	3.9552	4.4649	3.1265	2.7916	4.7602	4.1628	2.5738	5.2461	3.9846	3.7792	3.725	3.5518	6.451	4.4706	4.4385	4.5083	4.9225	4.7677	4.7316	4.479	4.5289	4.2582	5.2802	3.6449	3.5385	3.4481	4.7576	4.0165	1.3638	5.0559	4.3482	3.8715	6.2582	1.9927	6.1925	6.3252	7.9103	6.3436
original_glcm_ClusterProminence	135.8627	120.7656	477.07	206.8347	85.8765	143.5755	211.6832	398.0398	78.8503	85.9595	302.7631	192.5487	518.4814	603.5373	390.9011	329.1494	200.4558	402.7365	645.0557	504.7816	426.9296	130.9714	342.6616	263.3552	100.9231	309.3422	210.1821	88.3451	388.857	102.2328	271.834	355.0606	72.1225	1451.4767	248.9963	399.7662	207.4671	109.6348	144.2471	689.0532	320.3632	202.2219	303.2349	597.0702	76.1828	116.2389	242.4648	943.506	185.3816	737.2718	401.8086	268.4009	1.1925	136.2989	418.402	121.075	577.209	2.7983	263.5684	238.8943	677.2179	1534.2348
original_glcm_ClusterShade	8.1561	6.693	24.385	-10.8612	3.2836	-14.6732	8.1152	-6.3015	9.0114	7.4266	1.3748	-3.5148	-25.3795	3.2179	16.368	8.4099	16.8831	25.3661	47.2002	39.661	31.2114	7.4479	19.553	4.9929	3.4426	5.2372	11.3543	9.0974	-13.66	1.6699	17.7455	-19.7981	-6.6221	71.5647	11.4566	25.3383	-13.3013	5.513	9.0727	-20.2982	2.7011	9.705	3.9287	-3.9805	-5.2261	-1.5383	-17.1075	69.5725	-4.7294	36.2099	29.3567	18.757	0.4962	11.7878	13.1938	-2.4346	-39.3493	-0.114	-14.2589	-1.6673	-36.9495	-100.8022
original_glcm_ClusterTendency	4.6847	6.0265	12.4807	7.7946	5.2582	6.5483	7.4141	10.3713	5.3274	4.5327	11.3862	6.9431	11.6372	15.6939	9.9361	10.4434	8.9584	10	14.0767	8.7934	7.0691	6.2146	10.526	6.4644	6.2518	10.8391	9.0443	4.213	8.587	5.8808	7.0103	11.4783	5.4941	24.5522	8.5629	11.1974	5.7891	6.0536	7.0919	17.9843	9.331	7.3665	9.675	15.4162	4.3736	6.565	7.7223	17.0007	9.4477	15.6488	14.9209	10.8823	0.8639	7.7813	14.1794	8.1975	10.9299	0.7788	9.4323	8.5508	12.8318	20.3891
original_glcm_Contrast	0.5739	0.3741	0.7562	0.4823	0.5109	0.3469	0.5236	0.3962	0.3569	0.3798	0.5143	0.3999	0.5773	0.8053	0.9046	0.5125	0.3592	0.645	0.5939	0.6405	0.4257	0.4113	0.5043	0.4311	0.3761	0.5833	0.4153	0.4081	0.4985	0.3444	0.367	0.6672	0.4623	1.7355	0.5061	0.3236	0.3869	1.164	0.9173	0.6048	0.5975	0.9486	1.4651	1.0016	0.2721	0.3834	0.4504	2.4166	0.2988	0.6024	0.8064	0.6588	0.0847	0.2576	0.4476	0.2854	0.5378	0.1034	0.7133	0.5132	0.4351	0.5154
original_glcm_Correlation	0.7772	0.8829	0.8832	0.884	0.8169	0.8971	0.8511	0.8773	0.8727	0.84	0.9153	0.882	0.9033	0.9004	0.829	0.9062	0.9196	0.871	0.919	0.8593	0.8888	0.8733	0.8982	0.8146	0.8818	0.882	0.9122	0.8235	0.8783	0.8833	0.8909	0.8901	0.8448	0.8673	0.8747	0.941	0.8731	0.6763	0.7799	0.9347	0.8751	0.7758	0.7436	0.8774	0.8818	0.8854	0.8918	0.7513	0.9386	0.926	0.8976	0.8859	0.8212	0.936	0.9376	0.9326	0.9004	0.7653	0.8587	0.8866	0.9342	0.9495
original_glcm_DifferenceAverage	0.4221	0.3438	0.5476	0.403	0.4444	0.3233	0.4323	0.3412	0.3268	0.3452	0.4052	0.3251	0.4658	0.5869	0.6269	0.4275	0.3026	0.5013	0.4781	0.4511	0.3228	0.3605	0.4274	0.3403	0.3431	0.4435	0.3561	0.3533	0.4017	0.3254	0.2799	0.5384	0.4049	0.8058	0.395	0.2879	0.3446	0.7471	0.6341	0.4549	0.4451	0.651	0.8278	0.6401	0.2607	0.3564	0.3733	0.7893	0.242	0.4445	0.5295	0.4987	0.0847	0.2516	0.3639	0.2765	0.4313	0.1034	0.5512	0.4578	0.3615	0.4083
original_glcm_DifferenceEntropy	1.1805	0.9857	1.3176	1.0939	1.1216	0.9515	1.1182	1.0097	0.9683	0.991	1.1182	1.0014	1.179	1.3281	1.3944	1.1342	0.9479	1.2243	1.1918	1.2081	0.9657	1.0162	1.1121	1.0085	0.9754	1.1752	1.0411	1.0323	1.1015	0.9418	0.8876	1.2454	1.076	1.7271	1.0856	0.9168	0.9851	1.522	1.3689	1.216	1.1577	1.4065	1.6178	1.4637	0.8479	0.981	1.0408	1.6549	0.8538	1.2169	1.3397	1.2519	0.4158	0.8231	1.0562	0.8617	1.1514	0.4784	1.2808	1.1174	1.0438	1.1225
original_glcm_DifferenceVariance	0.3871	0.2521	0.4461	0.3109	0.3062	0.2379	0.3213	0.2742	0.2465	0.2553	0.3349	0.2882	0.3523	0.4376	0.4927	0.3231	0.2594	0.3769	0.3524	0.4206	0.3019	0.2718	0.3099	0.3026	0.2489	0.3709	0.2844	0.2792	0.3249	0.2331	0.2656	0.3676	0.2901	1.0492	0.3255	0.2363	0.2621	0.5803	0.4667	0.3926	0.3696	0.4982	0.7184	0.582	0.2017	0.2481	0.2936	1.7806	0.2381	0.3978	0.5133	0.4013	0.0772	0.1923	0.3051	0.2049	0.3452	0.0925	0.3961	0.2984	0.2959	0.3374
original_glcm_JointEnergy	0.1698	0.1249	0.0688	0.1009	0.1099	0.1545	0.1136	0.135	0.1629	0.1588	0.0947	0.1445	0.0769	0.0582	0.0706	0.0855	0.2036	0.0947	0.0855	0.1369	0.1745	0.1366	0.0981	0.1887	0.1238	0.1028	0.0966	0.1705	0.1246	0.1347	0.2886	0.0643	0.1402	0.0755	0.1421	0.1402	0.1336	0.0706	0.0797	0.0718	0.1185	0.083	0.0562	0.0534	0.1875	0.121	0.141	0.1091	0.1174	0.0936	0.1095	0.0839	0.462	0.1478	0.1076	0.1163	0.0965	0.5471	0.0734	0.0857	0.1147	0.1076
original_glcm_JointEntropy	3.4632	3.5853	4.48	3.867	3.7205	3.3318	3.8033	3.7019	3.3014	3.2844	4.0099	3.5346	4.2836	4.647	4.4473	4.1369	3.273	4.0719	4.2646	3.693	3.3303	3.5604	3.9991	3.1057	3.5272	4.0022	3.8431	3.2558	3.7692	3.4078	2.9285	4.4233	3.5074	4.8047	3.7416	3.5811	3.4478	4.3706	4.2123	4.3626	3.9829	4.2789	4.7846	4.7525	3.0549	3.6033	3.5545	4.393	3.4771	4.2075	4.0711	4.2131	1.3831	3.3501	3.9279	3.4521	3.9597	1.4711	4.3207	4.0958	3.7429	3.9609
original_glcm_Imc1	-0.3513	-0.467	-0.4022	-0.4575	-0.3666	-0.4788	-0.4078	-0.4841	-0.4507	-0.4176	-0.4866	-0.4871	-0.4509	-0.4134	-0.3339	-0.468	-0.5165	-0.3969	-0.4685	-0.4022	-0.5049	-0.4532	-0.4557	-0.4048	-0.4708	-0.4379	-0.5017	-0.3898	-0.4425	-0.4764	-0.5096	-0.4051	-0.4042	-0.3609	-0.4615	-0.563	-0.4591	-0.2136	-0.3022	-0.4937	-0.4388	-0.2828	-0.25	-0.3835	-0.5059	-0.4692	-0.4555	-0.405	-0.6158	-0.4865	-0.4167	-0.407	-0.5699	-0.5786	-0.5293	-0.5716	-0.4522	-0.501	-0.3738	-0.4349	-0.532	-0.5293
original_glcm_Imc2	0.8709	0.9397	0.9416	0.9446	0.8921	0.9342	0.9172	0.9353	0.9201	0.9026	0.958	0.9404	0.9546	0.9495	0.9043	0.9567	0.9427	0.9221	0.9586	0.9119	0.9382	0.9312	0.9451	0.8656	0.9362	0.9378	0.9592	0.8859	0.933	0.933	0.9079	0.9414	0.9053	0.9298	0.9313	0.9656	0.9302	0.7822	0.8597	0.9697	0.9345	0.8586	0.8403	0.943	0.9324	0.9395	0.9317	0.9423	0.9764	0.9642	0.9357	0.9364	0.8155	0.9659	0.967	0.9664	0.9452	0.7902	0.9214	0.945	0.9636	0.9685
original_glcm_Idm	0.8039	0.8311	0.7466	0.8064	0.7845	0.8407	0.793	0.8349	0.8397	0.8309	0.8083	0.8448	0.778	0.7282	0.7138	0.7947	0.8543	0.7636	0.7725	0.7927	0.8484	0.8249	0.794	0.8385	0.8318	0.792	0.8279	0.8288	0.8087	0.8392	0.8684	0.7436	0.8033	0.6815	0.8135	0.8596	0.8318	0.6675	0.711	0.7873	0.7924	0.7036	0.6471	0.7148	0.8708	0.8245	0.821	0.7375	0.8845	0.7935	0.7618	0.7666	0.9577	0.8748	0.8264	0.8626	0.795	0.9483	0.7406	0.7766	0.8265	0.8065
original_glcm_Idmn	0.9939	0.9951	0.9939	0.9953	0.993	0.9929	0.9938	0.9944	0.9929	0.9933	0.9922	0.995	0.9953	0.9928	0.9922	0.9945	0.9939	0.993	0.9952	0.9944	0.9952	0.9931	0.995	0.9948	0.9929	0.9928	0.9937	0.992	0.9942	0.9943	0.9957	0.992	0.9909	0.9868	0.9938	0.9948	0.9959	0.9864	0.9898	0.9941	0.9946	0.9901	0.9885	0.9905	0.9946	0.9933	0.9935	0.9827	0.9942	0.9951	0.9906	0.9902	0.9915	0.996	0.9949	0.9923	0.9944	0.9897	0.9932	0.9958	0.9965	0.995
original_glcm_Id	0.8111	0.8328	0.7564	0.8106	0.7884	0.8423	0.7977	0.8381	0.8417	0.8329	0.8143	0.8483	0.7834	0.7391	0.7264	0.7996	0.8573	0.771	0.7791	0.8004	0.8527	0.8277	0.7985	0.8424	0.8338	0.7986	0.8314	0.832	0.8136	0.8405	0.872	0.7511	0.8068	0.7086	0.8193	0.8617	0.8337	0.6861	0.7249	0.7944	0.7996	0.7174	0.6709	0.7294	0.8716	0.8263	0.8252	0.7564	0.8867	0.8016	0.7729	0.7745	0.9577	0.8752	0.8308	0.8632	0.8005	0.9483	0.7497	0.78	0.8304	0.8124
original_glcm_Idn	0.9611	0.9647	0.9557	0.964	0.9538	0.9598	0.9578	0.9646	0.9596	0.9606	0.9562	0.9677	0.9619	0.95	0.9477	0.96	0.965	0.9537	0.9609	0.9622	0.9694	0.96	0.9616	0.9672	0.9588	0.9562	0.9611	0.9566	0.962	0.9628	0.9731	0.9473	0.9502	0.9382	0.9608	0.9686	0.9681	0.9289	0.9402	0.9597	0.962	0.941	0.9348	0.9444	0.9676	0.9582	0.96	0.9429	0.9705	0.9639	0.9494	0.9463	0.9788	0.9721	0.9654	0.9607	0.9604	0.9742	0.9519	0.9622	0.9703	0.9637
original_glcm_InverseVariance	0.3175	0.3203	0.4057	0.3436	0.391	0.3027	0.3645	0.2974	0.3007	0.3167	0.3221	0.2738	0.3876	0.4306	0.4406	0.3605	0.261	0.3965	0.3873	0.3337	0.2586	0.3214	0.3658	0.2825	0.3154	0.3476	0.308	0.3097	0.3318	0.3088	0.2251	0.4366	0.3576	0.3432	0.3132	0.2593	0.3165	0.4709	0.434	0.3517	0.3405	0.4493	0.4531	0.4167	0.2508	0.3331	0.3152	0.2881	0.2076	0.3286	0.36	0.385	0.0847	0.2464	0.3013	0.2687	0.3527	0.1034	0.4252	0.412	0.307	0.3267
original_glcm_MaximumProbability	0.3497	0.2364	0.1567	0.1633	0.2102	0.2912	0.2283	0.2325	0.3315	0.2852	0.1991	0.2843	0.1631	0.1252	0.1454	0.1867	0.405	0.1963	0.2206	0.2672	0.3166	0.2741	0.195	0.3136	0.2279	0.2032	0.1596	0.299	0.246	0.2471	0.4405	0.1384	0.3093	0.2147	0.2593	0.2526	0.2358	0.1595	0.165	0.1494	0.221	0.1725	0.1285	0.1038	0.3373	0.2193	0.2813	0.2892	0.1684	0.2044	0.2707	0.2151	0.599	0.3085	0.2291	0.1995	0.1968	0.7277	0.1542	0.1735	0.2449	0.2317
original_glcm_SumEntropy	2.8771	3.1738	3.7012	3.3551	3.1518	2.9584	3.245	3.2572	2.9118	2.875	3.4572	3.0987	3.6643	3.8294	3.5713	3.5754	2.8968	3.4061	3.6585	3.0973	2.922	3.1162	3.4446	2.675	3.1147	3.3923	3.3733	2.8163	3.2394	3.0404	2.5561	3.6937	3.0105	3.7463	3.2259	3.2255	3.0475	3.3031	3.3309	3.7305	3.3584	3.36	3.5986	3.8219	2.7618	3.1858	3.0835	3.5944	3.1659	3.5796	3.369	3.5204	1.2984	3.0842	3.4452	3.1532	3.401	1.3678	3.5643	3.5281	3.3053	3.4576
original_glcm_SumSquares	1.3147	1.6001	3.3092	2.0692	1.4423	1.7237	1.9844	2.6919	1.4211	1.2281	2.9752	1.8357	3.0537	4.1248	2.7102	2.7389	2.3294	2.6612	3.6676	2.3585	1.8737	1.6565	2.7576	1.7239	1.657	2.8556	2.3649	1.1553	2.2713	1.5563	1.8443	3.0364	1.4891	6.5719	2.2673	2.8802	1.544	1.8044	2.0023	4.6473	2.4822	2.0788	2.785	4.1044	1.1614	1.7371	2.0432	4.8543	2.4366	4.0628	3.9318	2.8853	0.2371	2.0097	3.6567	2.1207	2.8669	0.2205	2.5364	2.266	3.3167	5.2261
original_glrlm_GrayLevelNonUniformity	65.7609	155.7483	103.7687	103.7944	144.6905	116.6715	107.2728	87.0404	90.6206	90.5537	84.422	100.5533	123.1322	111.1239	97.6275	92.8261	71.4191	156.8298	103.4803	134.6559	93.2766	110.5847	126.658	166.9925	122.3037	88.9259	129.5507	138.488	131.5923	107.3192	103.9266	123.0064	92.5046	55.8701	76.2792	92.0566	115.8559	95.175	96.5863	107.2228	130.8751	136.686	151.677	67.7581	120.7048	98.1731	87.4058	97.4398	140.6425	95.5214	63.999	56.639	72.5712	100.5339	102.4685	85.1131	100.9991	71.7764	134.9448	132.1943	74.3495	83.7877
original_glrlm_GrayLevelNonUniformityNormalized	0.2335	0.21	0.156	0.1772	0.2198	0.2216	0.2054	0.1931	0.2349	0.2454	0.1686	0.2037	0.1678	0.1399	0.1771	0.168	0.1836	0.1869	0.1461	0.2049	0.2092	0.2082	0.175	0.2639	0.2185	0.1845	0.1802	0.2491	0.2061	0.2273	0.2229	0.1623	0.2166	0.129	0.1878	0.1766	0.2188	0.1934	0.1957	0.1413	0.1859	0.198	0.1711	0.1393	0.2501	0.2225	0.2188	0.1369	0.204	0.1414	0.1704	0.1701	0.5251	0.2069	0.163	0.2081	0.1821	0.3879	0.1736	0.1756	0.1845	0.1611
original_glrlm_GrayLevelVariance	1.964	1.9006	3.5249	2.6566	1.7071	1.8896	2.2482	2.7125	1.5028	1.6032	2.771	2.2156	3.3168	4.1035	3.0031	2.9072	2.3725	2.9159	4.067	3.0752	3.0771	2.0654	2.9612	2.0976	1.6937	2.8113	2.3885	1.5367	2.4863	1.6947	2.4792	3.0349	1.5953	6.293	2.5923	2.8985	2.1296	2.1555	2.1041	4.0292	2.7779	2.3348	2.9954	4.1166	1.451	1.6906	2.1429	5.834	1.8113	4.2359	3.2044	2.9622	0.255	1.8051	3.1378	1.6901	3.085	0.4762	2.7129	2.6899	3.1845	4.0159
original_glrlm_HighGrayLevelRunEmphasis	22.5206	18.8856	28.6748	38.6471	21.8594	22.7217	21.1396	27.5302	12.1623	17.2116	23.2253	18.1534	48.3514	34.2524	23.8851	22.3775	17.3271	16.5969	20.9553	13.3292	16.3732	20.5523	25.2412	10.9082	18.2301	24.1898	14.4102	10.3498	27.5494	19.2239	13.1782	29.858	15.9966	23.7011	19.5635	19.0732	44.1461	22.3377	22.7295	27.0385	28.9765	25.8801	26.7867	25.0928	19.456	19.0668	29.1875	24.7202	13.6736	20.2592	25.2743	18.6893	3.0371	28.6411	23.0927	15.1352	39.6183	4.579	39.6612	41.5344	55.862	44.1369
original_glrlm_LongRunEmphasis	12.5851	14.2807	7.4925	12.8873	9.4062	17.7551	11.0685	17.0374	17.389	14.265	15.4395	23.6445	8.9815	7.3058	5.8608	10.2396	30.4666	9.9977	10.1807	14.0166	34.5254	16.2998	11.7008	25.5623	16.3166	12.2335	16.0138	14.7654	14.4239	16.2005	56.702	6.4136	12.2714	7.3157	17.9972	26.0527	15.527	4.6129	6.8707	11.7034	18.4084	5.9916	4.8761	6.3161	25.2846	14.5848	15.3291	10.7979	40.7264	13.635	9.804	8.2255	141.2889	27.2083	20.5019	23.5053	11.5636	105.3226	7.0238	8.2361	20.2875	15.6242
original_glrlm_LongRunHighGrayLevelEmphasis	267.0328	248.5994	179.7611	537.5163	197.0326	399.2347	191.6731	412.2037	170.0405	204.3327	302.511	448.5978	423.9332	266.2974	126.1009	195.7126	266.8192	129.1909	117.0359	92.1397	372.3826	257.4788	252.1868	198.0412	250.5265	241.2	151.4236	112.1727	313.2698	329.1487	214.5633	195.0725	243.8894	113.1669	208.0985	321.3131	667.5015	95.9309	115.2434	237.4899	356.6493	130.5717	98.0209	142.3118	574.3244	279.4447	428.9323	115.0073	600.7164	151.278	249.958	138.8507	237.7617	678.9691	429.0698	453.6151	524.4899	423.0503	304.9604	343.185	1533.9722	746.6729
original_glrlm_LongRunLowGrayLevelEmphasis	0.7164	1.2652	0.6188	0.4013	0.7236	1.8633	1.4044	1.3822	2.8683	1.3895	1.662	3.1059	0.396	0.5615	0.5174	1.3619	6.8518	2.0428	2.448	6.6529	7.4619	2.5565	1.1509	13.1633	1.8449	1.3636	5.8857	3.1276	1.9861	1.4507	45.7346	0.498	1.0295	3.7783	3.6514	7.4313	0.6068	0.3123	0.7451	4.5032	1.8246	0.4579	0.7575	1.5193	1.5633	1.3099	0.8847	2.5036	13.738	6.205	0.7988	0.9629	117.2102	1.4403	2.9431	2.8258	0.6989	30.0881	0.2346	0.2589	0.4207	2.8198
original_glrlm_LowGrayLevelRunEmphasis	0.0707	0.1009	0.0748	0.0466	0.0883	0.1153	0.1172	0.0811	0.1652	0.1013	0.0934	0.1275	0.0435	0.076	0.093	0.1054	0.1562	0.1845	0.1518	0.2584	0.1651	0.1381	0.0854	0.347	0.1106	0.0975	0.1951	0.2116	0.0967	0.1007	0.2964	0.0769	0.1162	0.248	0.1495	0.1638	0.0472	0.0753	0.0801	0.1361	0.0804	0.0713	0.0984	0.1414	0.0934	0.0948	0.0614	0.1555	0.1825	0.203	0.0822	0.1311	0.5093	0.0496	0.1057	0.1279	0.0638	0.3846	0.0427	0.0384	0.0379	0.0739
original_glrlm_RunEntropy	4.5551	5.0114	4.8071	4.9866	4.5742	4.8712	4.7219	5.0674	4.7353	4.6975	4.9628	5.051	4.9618	4.8151	4.5013	4.9724	4.8687	4.6874	4.9568	4.7483	5.1194	4.8919	4.9379	4.7387	4.8583	4.8043	5.1102	4.7424	4.8916	4.8647	5.02	4.7292	4.5066	4.6308	4.9195	5.2462	4.912	4.0872	4.2957	5.1182	4.9635	4.311	4.3217	4.7123	5.0022	4.769	4.7952	5.0204	5.3965	5.1463	4.5429	4.6584	4.5022	5.1703	5.0952	4.9584	4.8685	5.0405	4.6492	4.8356	4.8165	4.9036
original_glrlm_RunLengthNonUniformity	78.9319	165.1458	230.852	157.9857	192.7523	120.0136	148.669	130.0027	89.3321	89.0767	136.5657	114.6471	220.2605	309.8945	216.0103	149.4939	103.3076	282.2809	228.9937	203.5058	94.2023	138.177	201.9236	158.8233	129.8966	154.3562	174.1988	126.6599	185.708	103.037	140.0779	259.992	126.7095	192.6698	110.2758	120.9436	120.4678	227.4645	202.6449	229.7289	232.255	271.6716	436.4687	193.7669	90.4563	116.8145	107.5971	232.2348	112.8001	204.6184	138.3626	108.5023	12.4747	88.0389	172.512	83.3641	156.7529	16.7206	268.1715	227.1125	117.2444	162.0185
original_glrlm_RunLengthNonUniformityNormalized	0.2773	0.2134	0.3412	0.259	0.2831	0.2214	0.2772	0.2339	0.2239	0.226	0.2742	0.2233	0.2936	0.3723	0.3833	0.2644	0.2554	0.3188	0.3145	0.2854	0.2233	0.2386	0.2759	0.2381	0.2217	0.2918	0.2361	0.2218	0.262	0.214	0.2267	0.337	0.2883	0.4399	0.2679	0.2097	0.2204	0.4482	0.3907	0.2979	0.2852	0.3987	0.4591	0.3954	0.1764	0.2398	0.2473	0.3237	0.1577	0.2959	0.3605	0.3196	0.0876	0.1755	0.2627	0.1937	0.2768	0.0881	0.3464	0.2958	0.2798	0.3007
original_glrlm_RunPercentage	0.3942	0.352	0.4828	0.3919	0.435	0.3373	0.4172	0.344	0.3425	0.3604	0.3821	0.3217	0.4396	0.5118	0.5354	0.4131	0.3083	0.4582	0.4456	0.4012	0.3113	0.3629	0.4127	0.3286	0.3529	0.4113	0.3503	0.3525	0.3828	0.3444	0.2726	0.498	0.4059	0.5287	0.3753	0.2982	0.3531	0.5979	0.536	0.4141	0.4033	0.5476	0.6065	0.5262	0.2819	0.3711	0.3678	0.4336	0.2417	0.3972	0.4551	0.464	0.1261	0.2763	0.3506	0.3009	0.4088	0.1403	0.4965	0.4519	0.3585	0.3864
original_glrlm_RunVariance	5.5546	5.5283	2.9647	5.554	3.6487	7.9864	4.4813	7.8594	8.2197	5.6831	7.3043	12.4661	3.5041	3.0101	2.1347	3.9448	18.7236	4.451	4.8109	6.777	19.2085	7.2383	4.9834	13.9045	6.8294	5.521	7.3375	6.1468	6.5528	6.6927	35.674	2.2228	5.6657	3.5312	8.8127	13.5002	6.4931	1.5803	2.758	5.5858	9.3342	2.3225	1.6728	2.6089	11.4268	5.9883	6.3818	5.261	21.5132	6.831	4.6926	3.2835	67.4844	13.0038	11.1517	10.5664	5.0767	50.2593	2.6546	3.0787	11.3834	8.3601
original_glrlm_ShortRunEmphasis	0.5232	0.4114	0.5919	0.4921	0.5164	0.4311	0.5052	0.4628	0.4455	0.4346	0.5226	0.4463	0.5381	0.6208	0.6287	0.4984	0.4922	0.5625	0.558	0.5303	0.4505	0.4571	0.5099	0.4668	0.4297	0.5366	0.471	0.4484	0.4927	0.4136	0.462	0.5842	0.5415	0.6884	0.4987	0.4241	0.4301	0.685	0.6304	0.5535	0.5223	0.6449	0.6901	0.6478	0.3717	0.4501	0.4643	0.5809	0.3486	0.5503	0.6158	0.566	0.2125	0.3599	0.5072	0.3843	0.5189	0.235	0.5941	0.5359	0.5203	0.5521
original_glrlm_ShortRunHighGrayLevelEmphasis	12.6522	8.1667	18.0517	18.0804	11.6867	9.5557	11.9782	12.7551	5.8691	8.3029	12.2011	8.5472	25.9993	21.4105	15.8252	12.1496	9.1974	10.4535	13.6764	8.9666	9.1641	10.3526	13.8595	6.4105	8.6445	13.8757	7.4973	5.3906	14.917	7.6651	8.0825	17.0536	8.3244	17.6934	11.5263	9.0439	18.6103	15.817	15.1227	15.2546	16.2746	17.1913	19.6923	16.4012	6.3461	8.4348	13.3979	17.7119	4.5382	12.8281	15.0727	10.6173	0.752	10.3507	12.0351	5.7967	19.2612	1.2676	22.5023	21.8548	27.3624	23.5786
original_glrlm_ShortRunLowGrayLevelEmphasis	0.0384	0.0435	0.0403	0.0273	0.0467	0.0514	0.0521	0.0377	0.0675	0.0444	0.0437	0.0513	0.0222	0.0434	0.0564	0.044	0.0664	0.0887	0.0668	0.1009	0.0603	0.0609	0.0388	0.1194	0.046	0.0464	0.0733	0.088	0.0404	0.045	0.08	0.0417	0.0615	0.1175	0.0599	0.053	0.0233	0.0533	0.0479	0.0513	0.0367	0.0465	0.0607	0.0735	0.0445	0.043	0.0303	0.0663	0.0493	0.0742	0.0521	0.0765	0.0909	0.0191	0.0483	0.0414	0.0307	0.0945	0.0276	0.0221	0.0194	0.0287
original_glszm_GrayLevelNonUniformity	6.25	9.1993	12.665	11.5269	11.1188	8.0476	9.358	7.2485	6.0995	6.1066	10.9593	7.2067	11.6747	19.0412	13.3948	8.6971	7.2963	17.1287	10.5789	14.2409	7.2476	8.6865	10.366	13.5343	7.2099	11.1365	12.6232	11.9062	11.334	6.4524	10.1669	16.2233	7.3889	16.3495	7.4782	6.5773	8.1083	17.5636	15.5435	13.0842	15.8441	20.5398	35.3205	14.3962	6.5708	6.2304	8.0386	18.8375	12.3043	13.5306	12.8235	7.0889	3.25	4.7778	10.3882	3.4706	9.2639	7.7778	16.414	9.4571	5.95	7.7543
original_glszm_GrayLevelNonUniformityNormalized	0.1562	0.1621	0.1312	0.1459	0.166	0.1952	0.1635	0.1588	0.2059	0.1806	0.1673	0.1583	0.1289	0.1355	0.1364	0.1555	0.1885	0.1541	0.1114	0.1433	0.158	0.1808	0.1454	0.1905	0.1853	0.173	0.1829	0.186	0.1662	0.1824	0.1752	0.1575	0.2052	0.1299	0.1599	0.1665	0.1564	0.1597	0.1626	0.1377	0.153	0.1579	0.152	0.1358	0.2069	0.1767	0.1887	0.1177	0.2675	0.1381	0.1886	0.1575	0.4062	0.177	0.1655	0.2042	0.1419	0.4321	0.1481	0.1351	0.1487	0.1358
original_glszm_GrayLevelVariance	3.8137	3.7089	4.8025	4.0439	3.2777	3.0813	3.6857	3.1559	2.9037	3.6371	2.9916	3.6053	5.1244	4.5877	4.5784	3.9624	2.8319	4.2633	6.3982	5.0488	4.9776	3.411	4.239	3.9119	2.9969	3.3275	2.9154	2.5603	4.022	3.4541	3.4815	3.4354	2.4969	4.9365	3.6551	3.8025	4.3767	2.9323	3.0877	4.8315	3.8025	3.4009	4.0771	4.3859	2.6534	2.8035	2.7821	6.2494	2.1682	5.1862	3.0329	3.44	0.4375	3.155	3.6954	2.4844	4.4031	0.8395	3.6767	5.2386	4.7194	4.9161
original_glszm_HighGrayLevelZoneEmphasis	29.575	19.8676	34.6054	32.6793	25.1643	23.4881	25.0327	26.6614	13.6764	20.4203	23.7617	23.5375	45.4495	36.1571	29.3913	27.9373	20.3366	21.9782	31.8211	23.3938	28.0453	23.8874	29.4904	18.5587	20.0329	25.5405	17.3333	14.4844	30.4342	20.6079	20.6737	28.0485	18.9444	29.2446	24.159	22.5697	38.523	24.6818	24.8996	25.8947	29.6302	27.9282	30.2929	25.7547	17.7221	18.3944	26.3792	39.6	13.087	24.9796	25.7353	18.9111	3.5	25.6296	24.5691	14.5294	31.843	5.7778	35.9376	37.7286	41.625	39.6262
original_glszm_LargeAreaEmphasis	2182.925	11431.4939	991.0841	3510.4328	3794.1335	9556.6274	4568.5241	5205.7941	7232.0248	5497.3113	4373.8701	8634.4236	2201.2255	1122.0436	735.6371	3126.3405	11008.7073	3976.8332	2218.0737	4050.8715	16714.5858	10260.2539	5980.4472	15178.4391	10693.6593	3008.4545	5731.3623	7466.9531	6998.6154	10123.2635	28865.8267	1161.5437	3868.0556	326.4577	7001.9649	12323.698	7775.455	283.3364	1456.3242	3023.9895	6713.1279	857.842	690.8862	445.3208	18404.7881	5901.7799	8028.6962	1611.2313	27124.9565	3082.6531	1634.2059	1244.6222	74270.75	18569.0741	8259.0295	14891.5294	3019.624	58302.6111	1535.0544	3948.2714	3984.95	4311.1923
original_glszm_LargeAreaHighGrayLevelEmphasis	46157.125	205455.516	22618.6638	154290.9478	80260.6181	231659.2172	63209.6659	157084.716	65536.6629	74879.5753	61947.5581	153843.3113	99704.2506	42288.0346	14179.2463	60620.4713	73399.4008	41550.9582	15087.2737	22666.1746	201467.2052	126931.4746	92201.3884	69898.7284	149456.5813	48734.5322	55961.1884	50773.4531	120669.4782	213954.3778	68246.2632	37777.5437	82697.6389	5275.4136	75976.5062	135066.4137	331796.2353	5534.0364	20536.0001	59061.6105	120463.6601	17236.1807	7382.3072	9437.3962	401618.6833	112372.753	187883.6653	9464.8438	385515.8261	25154.4796	29828.6912	21029.3333	131244.875	447273.4074	165700.0842	290201.2941	136024.2547	233239.2222	71144.9982	169621.1429	313573.175	246216.2799
original_glszm_LargeAreaLowGrayLevelEmphasis	113.0574	775.5692	66.4054	89.3951	238.1318	892.0556	491.9761	304.692	1020.2048	479.1055	459.5683	857.4517	67.1679	65.8477	52.8448	317.2767	2511.6709	690.9307	513.3759	1854.7477	2324.1826	1663.5112	688.9341	9230.7178	1104.045	305.4033	1423.2231	1335.1444	670.2066	649.2274	25779.6131	56.0125	233.0966	178.4604	1274.4682	3300.8728	248.897	16.7778	147.5414	1120.8269	517.4402	61.02	150.1317	91.6313	942.4866	404.916	462.9568	378.7979	6575.6331	1795.5342	151.4854	114.2241	60028.4688	935.648	988.9742	1308.0649	108.5935	14970.3719	38.4645	100.6739	62.8012	404.7766
original_glszm_LowGrayLevelZoneEmphasis	0.0849	0.1785	0.0771	0.0759	0.1179	0.1773	0.157	0.1046	0.2873	0.1457	0.1008	0.1159	0.0546	0.0806	0.1074	0.0957	0.1788	0.195	0.1607	0.1697	0.1144	0.186	0.0977	0.214	0.186	0.1131	0.1573	0.2381	0.1102	0.1577	0.1578	0.0927	0.12	0.1074	0.161	0.1841	0.0748	0.0872	0.0886	0.1178	0.085	0.0863	0.1019	0.1082	0.1673	0.1441	0.0923	0.103	0.1631	0.1309	0.0849	0.1597	0.5139	0.0969	0.132	0.1755	0.0798	0.4228	0.0609	0.0682	0.0652	0.0671
original_glszm_SizeZoneNonUniformity	5.35	4.4478	9.8669	10.209	5.1552	3.2524	5.0809	3.4266	1.9253	3.4074	8.9545	5.8271	11.0562	17.4285	12.145	4.3131	4.1315	11.1185	7.9474	14.2166	5.8701	4.6153	5.3093	10.264	3.0885	8.7753	5.6667	6.7188	8.33	3.4278	8.8488	8.534	2	30.7	4.5292	3.8647	6.5212	16.6182	20.6733	12.6	15.7926	23.5048	46.7706	17.0755	2.347	2.8904	6.168	40.5125	2.913	11.0204	9.7941	7.7556	1.75	2.2593	7.0079	1.2353	7.6818	2.1111	10.6529	6	4.55	5.6005
original_glszm_SizeZoneNonUniformityNormalized	0.1338	0.0778	0.1029	0.1277	0.0774	0.0796	0.0844	0.0794	0.0639	0.1006	0.1276	0.1224	0.1233	0.1176	0.1203	0.0744	0.0925	0.0908	0.0837	0.1366	0.1082	0.0863	0.0741	0.1331	0.0797	0.114	0.0821	0.105	0.1013	0.0967	0.1222	0.0829	0.0556	0.2519	0.0904	0.1	0.1198	0.1511	0.1807	0.1326	0.1387	0.1756	0.1832	0.1611	0.0741	0.0811	0.105	0.2532	0.0633	0.1125	0.144	0.1723	0.2188	0.0837	0.1024	0.0727	0.1169	0.1173	0.0955	0.0857	0.1138	0.0928
original_glszm_SmallAreaEmphasis	0.3164	0.2145	0.2915	0.308	0.1978	0.1372	0.2278	0.199	0.143	0.2384	0.3263	0.317	0.328	0.3051	0.311	0.2172	0.2166	0.2468	0.2499	0.3361	0.2635	0.2082	0.2051	0.3273	0.183	0.3051	0.2528	0.307	0.2626	0.241	0.2868	0.2534	0.1436	0.4907	0.2433	0.199	0.2988	0.3236	0.4147	0.3324	0.3332	0.4077	0.4144	0.3748	0.0722	0.2159	0.2347	0.5198	0.178	0.2732	0.3426	0.4177	0.1747	0.1998	0.259	0.0672	0.2754	0.2379	0.2684	0.2577	0.2871	0.2271
original_glszm_SmallAreaHighGrayLevelEmphasis	10.1291	4.9939	11.9778	9.187	5.7397	3.9318	6.2586	4.6711	2.5103	5.5397	7.2365	8.6634	13.0925	11.2746	10.5053	6.8247	4.5682	6.7812	11.2751	9.9524	9.1155	6.0237	6.0326	8.1665	3.4608	7.816	4.7407	4.4196	8.615	5.7703	6.0582	7.0382	3.1616	14.9618	6.0834	4.5694	10.3567	7.5877	11.3159	7.2232	10.4605	11.7391	13.8725	9.7518	1.3007	3.9013	5.6507	21.7563	2.1253	6.08	9.3576	9.367	0.7031	5.4318	7.2325	0.6713	7.5448	1.1959	8.932	7.2244	11.179	8.5932
original_glszm_SmallAreaLowGrayLevelEmphasis	0.0283	0.0416	0.0175	0.0223	0.0272	0.0236	0.0329	0.0277	0.0523	0.0436	0.0372	0.022	0.0171	0.0219	0.0275	0.0165	0.0352	0.0355	0.0448	0.0422	0.014	0.0399	0.0171	0.0493	0.0541	0.0385	0.0289	0.0637	0.0293	0.0555	0.0261	0.0166	0.0081	0.0433	0.0335	0.0373	0.0276	0.0318	0.0332	0.0359	0.0237	0.0374	0.0378	0.0294	0.0164	0.0375	0.0272	0.0379	0.0299	0.0438	0.0265	0.0533	0.058	0.0197	0.0335	0.0079	0.0229	0.1083	0.0201	0.0181	0.0138	0.0115
original_glszm_ZoneEntropy	4.9186	5.3362	5.7878	5.3095	5.467	5.0417	5.3692	5.189	4.6994	4.7295	5.1953	4.9033	5.6747	5.8791	5.6776	5.4171	4.7952	5.8499	6.038	5.5592	5.0072	5.1626	5.6826	5.2366	4.9011	5.1957	5.5229	5.2596	5.4394	4.6639	4.9291	5.8332	4.9267	5.1361	5.0767	4.8804	5.1507	5.5242	5.1457	5.572	5.4944	5.4752	5.6692	5.4755	4.6939	4.826	4.819	5.4263	5.1757	5.6935	5.0025	4.8193	3	4.4306	5.3269	3.8522	5.3814	3.8366	5.8831	5.6899	4.9031	5.3922
original_glszm_ZonePercentage	0.057	0.0266	0.0704	0.0527	0.0439	0.0262	0.0491	0.0336	0.0265	0.0339	0.0548	0.0305	0.0538	0.0899	0.0973	0.0428	0.0321	0.0636	0.0597	0.0616	0.0346	0.0345	0.0422	0.0402	0.0259	0.0552	0.0336	0.0406	0.0445	0.0265	0.034	0.0677	0.0342	0.153	0.049	0.0234	0.0357	0.1333	0.1114	0.0518	0.0595	0.1113	0.1641	0.1147	0.0179	0.0297	0.0423	0.0977	0.0161	0.0576	0.0825	0.0628	0.0073	0.0153	0.037	0.0125	0.0487	0.0136	0.0752	0.0421	0.0357	0.0418
original_glszm_ZoneVariance	1859.24	9969.3835	785.2402	3103.5405	3257.1263	8069.3531	3934.6392	4298.1155	5792.6998	4545.7788	3758.2218	7332.9896	1835.9996	928.7951	607.5513	2528.7281	9518.2831	3427.8435	1937.5993	3563.7817	15493.3879	8655.5115	5214.4547	14018.9403	8023.0025	2492.1208	4846.9464	6861.3318	6008.183	8267.3931	26288.6532	943.4797	3014.1173	281.8838	6018.4509	9665.5879	6817.2946	227.0864	1194.6353	2651.7026	5932.3968	740.9114	571.1979	369.335	15268.7643	4478.4064	6510.1931	1506.5528	23259.3611	2781.0283	1487.3685	991.4588	55638.5	14324.7929	6780.4745	8491.5294	2563.567	52932.9784	1285.7861	3383.8696	3200.95	3699.8885
original_gldm_DependenceEntropy	4.7388	5.0973	5.6335	5.2991	5.0629	4.8261	5.1459	5.2387	4.7695	4.7913	5.4109	4.9542	5.6314	5.717	5.4095	5.4617	4.5968	5.3016	5.5182	5.0014	4.6254	5.0446	5.3474	4.5896	5.0005	5.3125	5.3349	4.7754	5.1669	4.929	4.1601	5.6186	4.8809	5.4093	5.0507	5.0542	4.9606	5.1157	5.181	5.6984	5.2433	5.2253	5.432	5.7972	4.637	5.0976	4.9739	5.4565	4.9129	5.4642	5.1541	5.4289	2.5889	4.8506	5.2672	4.9319	5.3481	2.8462	5.4877	5.3865	5.057	5.1794
original_gldm_DependenceNonUniformity	101.5112	325.5097	191.1706	211.042	225.07	239.9721	189.6049	217.7736	173.2748	154.4811	213.9686	280.345	230.3022	228.6296	154.6612	192.267	233.7616	266.6988	209.401	234.7103	436.583	225.9012	261.4509	347.5608	247.0553	169.7566	297.6023	230.746	251.0838	231.6841	475.548	221.5273	144.9106	109.4859	190.2912	308.0758	234.3267	127.977	140.8313	241.12	297.7342	186.4764	243.2335	119.6926	303.4605	187.3436	174.3745	203.9334	633.6203	236.7004	102.6019	103	494.0952	319.5514	292.9434	243.7044	190.0992	508.5299	228.3753	246.2038	172.7768	206.7425
original_gldm_DependenceNonUniformityNormalized	0.1419	0.1545	0.1387	0.141	0.148	0.1513	0.1461	0.1537	0.1511	0.1499	0.1487	0.1717	0.1381	0.1453	0.1492	0.1429	0.1835	0.145	0.1316	0.1417	0.2191	0.1522	0.1467	0.1715	0.1579	0.1399	0.145	0.1465	0.1459	0.1595	0.2651	0.1456	0.1377	0.1297	0.1583	0.1764	0.1557	0.1551	0.1506	0.1315	0.162	0.1493	0.1616	0.1295	0.1778	0.1532	0.1518	0.1246	0.2215	0.1391	0.1245	0.1439	0.4525	0.1817	0.1568	0.1792	0.1394	0.3855	0.1411	0.148	0.1543	0.151
original_gldm_DependenceVariance	4.8034	3.534	4.1256	4.0723	3.5721	3.8823	3.9076	4.3611	4.0763	3.7945	4.811	4.3966	3.9681	3.8745	3.6202	3.9339	4.8968	3.936	4.3725	4.6558	4.0822	3.9171	3.8838	4.3946	3.6696	4.5928	4.433	4.2325	4.2872	3.5752	4.4067	3.5376	4.4185	5.6978	4.4265	4.244	3.7319	3.257	3.495	4.784	4.2023	3.5666	3.2271	4.5422	3.8651	3.7889	4.1842	5.5356	3.8282	5.2176	5.3172	3.9976	2.5502	3.6691	4.7699	3.7194	4.3357	2.7395	3.8712	3.4307	5.0609	4.9763
original_gldm_GrayLevelNonUniformity	222.5247	492.1838	232.8388	300.0127	365.0936	418.0131	301.9334	275.7813	316.675	292.985	261.3822	376.5863	292.9381	230.5756	199.0056	243.3859	345.7599	382.3993	275.1358	416.0883	510.6597	365.4099	363.6333	627.1904	371.9022	245.3417	377.9123	482.2	392.8569	348.0227	620.8128	254.1887	271.8156	139.1911	289.4188	354.7408	369.4749	175.4655	195.9232	270.9913	403.1682	290.7449	269.1532	131.4913	498.6001	278.7074	287.3946	328.9389	524.6713	295.3231	174.4126	136.3547	572.7857	397.5901	333.6842	266.7824	269.4219	818.9378	298.0904	320.7414	214.6036	257.4802
original_gldm_GrayLevelVariance	1.2682	1.611	3.2911	2.1018	1.4472	1.699	1.9636	2.7606	1.396	1.2275	2.9613	1.8781	3.1147	4.1836	2.6469	2.6826	2.4084	2.64	3.6688	2.3412	1.8569	1.6755	2.7541	1.77	1.6492	2.8611	2.3459	1.1412	2.3314	1.5715	1.8711	3.0618	1.4876	6.5571	2.2417	2.9216	1.6424	1.8535	2.0088	4.8118	2.4839	2.0559	2.7966	4.3311	1.2382	1.7391	2.0107	4.7901	2.4612	4.0016	3.8196	2.8658	0.2428	1.9933	3.6421	2.1536	3.0049	0.2286	2.5072	2.3134	3.4763	5.3607
original_gldm_HighGrayLevelEmphasis	21.4049	18.2044	26.5347	40.1067	20.79	23.8463	19.987	27.9765	11.0599	15.7592	23.1663	18.1774	47.7535	33.7239	22.8463	20.6315	13.9972	15.0411	16.6895	9.9564	12.7312	19.5274	23.659	9.4493	17.3902	23.1328	12.037	8.8502	26.2798	19.1184	9.8475	30.2373	17.5409	20.0233	16.7765	16.5562	44.5366	21.5564	21.9134	24.9662	27.0269	25.1236	25.8453	24.2706	21.4083	19.6914	30.567	17.6439	14.7112	15.8114	25.9575	18.2682	2.1676	27.3872	22.6712	16.7618	42.0828	4.1562	41.2415	41.8906	64.5812	45.2381
original_gldm_LargeDependenceEmphasis	38.9973	41.7657	30.5456	38.638	34.0722	43.6398	36.1666	43.4618	43.2338	41.2487	40.4602	45.7521	34.0627	28.2832	26.0089	36.3594	47.6737	32.6604	33.8906	38.4409	47.2798	41.2735	36.5817	45.3175	42.0619	37.3936	42.8343	42.3975	39.7437	42.7033	51.6796	28.689	37.5029	28.5166	40.959	48.0168	41.9579	21.0194	26.4567	37.1118	38.3099	25.244	21.0567	27.4556	49.3559	40.3294	41.211	36.1124	53.7479	39.0993	34.0255	31.9427	66.3599	49.7453	43.3122	47.1824	37.1973	64.8014	29.2741	32.4143	42.6313	39.956
original_gldm_LargeDependenceHighGrayLevelEmphasis	812.3898	736.593	728.4928	1592.9047	687.882	1050.678	644.1566	1178.8494	443.2418	598.9736	905.0574	847.9303	1607.9215	961.5658	549.8131	690.1231	544.4056	419.6063	406.2036	265.3436	509.7694	738.8861	799.5801	377.2532	676.4925	788.8514	436.3986	329.3689	941.6652	837.7293	349.7152	878.9172	721.674	430.9514	545.172	702.5981	1856.8185	420.2909	484.6248	835.2209	911.1888	578.032	449.9761	625.4058	1109.6641	805.4216	1253.1894	390.2749	816.1087	457.0823	911.5085	564.4888	131.2995	1322.3042	949.858	845.1838	1661.7615	263.6497	1278.8431	1367.7559	3065.4893	1835.0083
original_gldm_LargeDependenceLowGrayLevelEmphasis	2.2748	3.7364	2.6458	1.209	2.7288	4.2868	4.552	3.5592	7.2386	4.0681	4.316	5.9511	1.5573	2.4878	2.3775	4.8335	10.1261	7.0765	8.0247	16.761	10.2994	5.4665	3.5545	22.2219	4.6514	4.2208	14.0899	9.1777	5.2407	4.2402	31.8058	2.3656	3.4849	14.9593	7.8065	12.0073	1.6521	1.3838	2.5841	11.6972	3.5789	1.8279	2.9285	6.7221	3.1445	3.6887	2.2671	8.6847	14.2528	16.4	2.6324	3.7294	50.1525	2.5422	6.0296	6.3434	2.3261	20.3635	0.9743	1.0065	1.0279	7.0123
original_gldm_LowGrayLevelEmphasis	0.0648	0.094	0.0803	0.0381	0.0853	0.1037	0.1187	0.0801	0.1668	0.0995	0.1007	0.1296	0.0446	0.0822	0.0927	0.1189	0.1892	0.1978	0.1911	0.3494	0.1936	0.1288	0.0901	0.4283	0.1081	0.1041	0.269	0.2151	0.112	0.102	0.4855	0.0795	0.1056	0.3654	0.1652	0.2144	0.0425	0.0721	0.0828	0.2222	0.0847	0.0703	0.1042	0.1819	0.0739	0.0922	0.0576	0.1985	0.2384	0.3143	0.0803	0.1248	0.7112	0.0502	0.1231	0.1323	0.0633	0.328	0.0389	0.0349	0.0309	0.126
original_gldm_SmallDependenceEmphasis	0.0633	0.0424	0.0784	0.0598	0.0563	0.0416	0.0593	0.0469	0.042	0.0466	0.0663	0.0466	0.0666	0.0909	0.0956	0.0556	0.0461	0.0702	0.0683	0.0685	0.0469	0.0482	0.0558	0.0515	0.0434	0.0667	0.0486	0.0517	0.0568	0.0429	0.0457	0.0754	0.0544	0.1418	0.0586	0.0399	0.0482	0.1194	0.1133	0.0662	0.0683	0.1108	0.1456	0.1082	0.0336	0.0466	0.0555	0.0991	0.0316	0.0649	0.0868	0.0785	0.0211	0.0329	0.0522	0.0332	0.0604	0.0235	0.0813	0.0606	0.0537	0.0582
original_gldm_SmallDependenceHighGrayLevelEmphasis	1.626	0.8292	2.5109	2.1117	1.2637	0.9915	1.4679	1.2937	0.5356	0.8677	1.5414	0.9379	3.0811	3.1769	2.6499	1.3798	0.8501	1.4234	1.8302	1.3065	0.923	1.1222	1.4969	0.8151	0.8542	1.7706	0.7272	0.6041	1.7513	0.8085	0.8306	2.1747	0.9265	3.8434	1.3669	0.8084	2.0216	2.7892	2.9114	1.6842	2.0963	3.0562	4.5779	2.7114	0.6472	0.8898	1.6232	3.3177	0.4313	1.3734	2.225	1.5345	0.0551	0.9221	1.2826	0.5199	2.2076	0.1067	3.027	2.3695	2.8961	2.4588
original_gldm_SmallDependenceLowGrayLevelEmphasis	0.0047	0.0048	0.0054	0.0034	0.0055	0.0047	0.0063	0.0042	0.0072	0.0052	0.0061	0.0052	0.003	0.0065	0.0084	0.0052	0.007	0.0111	0.01	0.0142	0.0065	0.0061	0.0044	0.0142	0.0051	0.0062	0.0092	0.0105	0.0051	0.0056	0.0112	0.0054	0.0057	0.022	0.0073	0.0065	0.0028	0.01	0.0087	0.0087	0.0049	0.0087	0.0118	0.0121	0.0034	0.0049	0.0037	0.0109	0.0062	0.012	0.007	0.0104	0.013	0.0019	0.0055	0.0041	0.004	0.0086	0.0041	0.0027	0.002	0.0044
